4.148129328753168375e+04
2.933170377600166830e+04
2.394923584589023449e+04
2.074064664376584187e+04
1.855099831710531726e+04
1.693466707086492897e+04
1.567845515716310911e+04
1.466585188800083415e+04
1.382709776251056246e+04
1.311753670780540051e+04
1.250708051394823815e+04
1.197461792294511724e+04
1.150484076313505284e+04
1.108634196015923226e+04
1.071042387211704954e+04
1.037032332188292094e+04
1.006069139480694139e+04
9.777234592000557313e+03
9.516461341459089454e+03
9.275499158552658628e+03
9.051960305465598140e+03
8.843841444258929187e+03
8.649447564179339679e+03
8.467333535432464487e+03
8.296258657506337840e+03
8.135150920084210156e+03
7.983078615296744829e+03
7.839227578581554553e+03
7.702882785049668200e+03
7.573413349356244908e+03
7.450260209368359028e+03
7.332925944000417076e+03
7.220966301504338844e+03
7.113983108693133545e+03
7.011618302719772146e+03
6.913548881255281231e+03
6.819482608586724382e+03
6.729154347445351050e+03
6.642322911579802167e+03
6.558768353902700255e+03
6.478289620718406695e+03
6.400702515026176115e+03
6.325837921896052649e+03
6.253540256974119075e+03
6.183666105701771812e+03
6.116083026148676254e+03
6.050668492707479345e+03
5.987308961472558622e+03
5.925899041075955211e+03
5.866340755200334570e+03
5.808542885025538453e+03
5.752420381567526420e+03
5.697893839296320948e+03
5.644889023621642082e+03
5.593336445850253767e+03
5.543170980079616129e+03
5.494331517224072741e+03
5.446760651993738975e+03
5.400404399179909888e+03
5.355211936058524770e+03
5.311135368116938480e+03
5.268129515648673987e+03
5.226151719054369096e+03
5.185161660941460468e+03
5.145121203336107101e+03
5.105994238513261735e+03
5.067746552118679574e+03
5.030345697403470695e+03
4.993760879520493290e+03
4.957962848944861435e+03
4.922923803180241521e+03
4.888617296000278657e+03
4.855018153551858632e+03
4.822102396715398754e+03
4.789847169178046897e+03
4.758230670729544727e+03
4.727232095338421459e+03
4.696831573608850704e+03
4.667010119256578946e+03
4.637749579276329314e+03
4.609032587503520517e+03
4.580842521300412045e+03
4.553163461121224827e+03
4.525980152732799070e+03
4.499277971887098829e+03
4.473042891259717180e+03
4.447261449484560217e+03
4.421920722129464593e+03
4.397008294470563669e+03
4.372512235935133504e+03
4.348421076093415650e+03
4.324723782089669839e+03
4.301409737411579044e+03
4.278468721905244820e+03
4.255890892950272246e+03
4.233666767716232243e+03
4.211787206427822639e+03
4.190243396571667290e+03
4.169026837982746656e+03
4.148129328753168920e+03
4.127542951910200827e+03
4.107260062814430967e+03
4.087273277232493456e+03
4.067575460042105078e+03
4.048159714530167093e+03
4.029019372247480987e+03
4.010147983386183569e+03
3.991539307648372414e+03
3.973187305576555900e+03
3.955086130318577034e+03
3.937230119801516594e+03
3.919613789290777277e+03
3.902231824312149456e+03
3.885079073916113884e+03
3.868150544264995006e+03
3.851441392524834100e+03
3.834946921045017916e+03
3.818662571809777091e+03
3.802583921146672765e+03
3.786706674678122454e+03
3.771026662502880299e+03
3.755539834595197590e+03
3.740242256410130722e+03
3.725130104684179514e+03
3.710199663421063178e+03
3.695447320053077419e+03
3.680869561769018674e+03
3.666462972000208538e+03
3.652224227056628933e+03
3.638150092905650581e+03
3.624237422086271636e+03
3.610483150752169422e+03
3.596884295837268382e+03
3.583437952337863862e+03
3.570141290705682877e+03
3.556991554346566772e+03
3.543986057219757186e+03
3.531122181533038656e+03
3.518397375529246347e+03
3.505809151359886073e+03
3.493355083041850776e+03
3.481032804493417188e+03
3.468840007645914284e+03
3.456774440627640615e+03
3.444833906016791843e+03
3.433016259160310256e+03
3.421319406555747719e+03
3.409741304293362191e+03
3.398279956555816625e+03
3.386933414172985522e+03
3.375699773229485345e+03
3.364577173722675525e+03
3.353563798268980463e+03
3.342657870856489353e+03
3.331857655641893416e+03
3.321161455789901083e+03
3.310567612353385357e+03
3.300074503192564862e+03
3.289680541931641073e+03
3.279384176951350128e+03
3.269183890415987662e+03
3.259078197333518801e+03
3.249065644647450426e+03
3.239144810359203348e+03
3.229314302679788852e+03
3.219572759209629567e+03
3.209918846145435964e+03
3.200351257513088058e+03
3.190868714425514554e+03
3.181469964364624047e+03
3.172153780486362848e+03
3.162918960948026324e+03
3.153764328256987937e+03
3.144688728640047430e+03
3.135691031432621912e+03
3.126770128487059537e+03
3.117924933599359974e+03
3.109154381953631400e+03
3.100457429583650082e+03
3.091833052850885906e+03
3.083280247938417233e+03
3.074798030360158464e+03
3.066385434484856432e+03
3.058041513074338127e+03
3.049765336835501330e+03
3.041555993985574332e+03
3.033412589830176785e+03
3.025334246353739672e+03
3.017320101821865592e+03
3.009369310395208686e+03
3.001481041754491798e+03
2.993654480736279311e+03
2.985888826979140504e+03
2.978183294579858739e+03
2.970537111759352683e+03
2.962949520537977605e+03
2.955419776419910704e+03
2.947947148086310335e+03
2.940530917096965823e+03
2.933170377600167285e+03
2.925864836050517624e+03
2.918613610934442931e+03
2.911416032503146198e+03
2.904271442512769227e+03
2.897179193971537188e+03
2.890138650893659815e+03
2.883149188059779590e+03
2.876210190783763210e+03
2.869321054685638046e+03
2.862481185470479431e+03
2.855689998713071873e+03
2.848946919648160474e+03
2.842251382966128403e+03
2.835602832613928967e+03
2.829000721601115856e+03
2.822444511810821041e+03
2.815933673815526618e+03
2.809467686697490080e+03
2.803046037873685691e+03
2.796668222925126884e+03
2.790333745430441923e+03
2.784042116803575027e+03
2.777792856135497459e+03
2.771585490039808064e+03
2.765419552502112310e+03
2.759294584733073407e+03
2.753210135025021827e+03
2.747165758612036370e+03
2.741161017533379891e+03
2.735195480500212398e+03
2.729268722765476014e+03
2.723380325996869487e+03
2.717529878152825404e+03
2.711716973361403689e+03
2.705941211802023190e+03
2.700202199589954944e+03
2.694499548663493442e+03
2.688832876673744067e+03
2.683201806876945284e+03
2.677605968029262385e+03
2.672044994283984124e+03
2.666518525091060837e+03
2.661026205098914943e+03
2.655567684058469240e+03
2.650142616729330712e+03
2.644750662788077079e+03
2.639391486738581989e+03
2.634064757824336994e+03
2.628770149942707576e+03
2.623507341561080011e+03
2.618276015634847226e+03
2.613075859527184548e+03
2.607906564930574859e+03
2.602767827790028605e+03
2.597659348227969986e+03
2.592580830470730234e+03
2.587531982776621135e+03
2.582512517365539225e+03
2.577522150350071570e+03
2.572560601668053550e+03
2.567627595016555915e+03
2.562722857787254270e+03
2.557846121003153712e+03
2.552997119256630867e+03
2.548175590648766956e+03
2.543381276729932324e+03
2.538613922441597424e+03
2.533873276059339787e+03
2.529159089137018327e+03
2.524471116452081787e+03
2.519809115951993135e+03
2.515172848701735347e+03
2.510562078832375846e+03
2.505976573490665942e+03
2.501416102789647994e+03
2.496880439760246645e+03
2.492369360303826397e+03
2.487882643145681868e+03
2.483420069789453009e+03
2.478981424472430717e+03
2.474566494121741925e+03
2.470175068311387349e+03
2.465806939220116874e+03
2.461461901590120760e+03
2.457139752686516658e+03
2.452840292257621059e+03
2.448563322495979264e+03
2.444308648000139328e+03
2.440076075737158135e+03
2.435865415005815521e+03
2.431676477400525528e+03
2.427509076775929316e+03
2.423363029212150650e+03
2.419238152980703944e+03
2.415134268511037135e+03
2.411051198357699377e+03
2.406988767168113100e+03
2.402946801650944053e+03
2.398925130545054344e+03
2.394923584589023449e+03
2.390941996491226746e+03
2.386980200900459749e+03
2.383038034377097119e+03
2.379115335364772363e+03
2.375211944162568670e+03
2.371327702897710878e+03
2.367462455498748113e+03
2.363616047669210730e+03
2.359788326861744281e+03
2.355979142252695510e+03
2.352188344717153086e+03
2.348415786804425352e+03
2.344661322713951904e+03
2.340924808271636266e+03
2.337206100906590564e+03
2.333505059628289473e+03
2.329821545004116160e+03
2.326155419137300214e+03
2.322506545645233928e+03
2.318874789638164657e+03
2.315260017698248248e+03
2.311662097858963989e+03
2.308080899584880171e+03
2.304516293751760259e+03
2.300968152627010568e+03
2.297436349850453553e+03
2.293920760415428049e+03
2.290421260650206023e+03
2.286937728199718094e+03
2.283470042007585562e+03
2.280018082298453919e+03
2.276581730560612414e+03
2.273160869528908279e+03
2.269755383167936088e+03
2.266365156655509963e+03
2.262990076366399535e+03
2.259630029856336932e+03
2.256284905846282527e+03
2.252954594206943966e+03
2.249638985943549415e+03
